[cosmological_parameters]
omega_m      =  0.1     0.306     0.9
h0           =  0.55    0.680    0.91
omega_b      =  0.03    0.0487   0.07
n_s          =  0.87    0.969    1.07
A_s          =  0.5e-09 1.5985616758948943e-09 5.0e-09
w            =  -1.0
; sigma_8      =  0.5     0.804   1.0
sigma_8_input = 0.804
; Old parameter names from original cosmosis version
; omnuh2       =  0.0006  0.00083 0.00644
; massive_nu   =  3
; massless_nu  =  0.046

; New parametrization and names:
mnu = 0.06  0.0773   0.6
num_massive_neutrinos = 3
nnu = 3.046

omega_k      =  0.0
tau          =  0.0697186


[lens_photoz_errors]
bias_1 = -0.1  0.000719339  0.1
width_1 = 0.5 0.998199 1.5
lowz_1 = 0. 0.00299952 0.01
bias_2 = -0.1  -4.12995e-05  0.1
width_2 = 0.5 0.9998177777354765 1.5
lowz_2 = 0. 0.00635447 0.015
bias_3 = -0.1  0.000172435  0.1
width_3 = 0.5 1.00311 1.5
lowz_3 = 0. 0.0310415 0.15

[bias_lens]
b1 = 0.5  2.80898   4.0
b2 = 0.5  3.20201   4.0
b3 = 0.5  2.91064   4.0

[mag_alpha_lens]
alpha_1 =  -10.0  0.0203774  10.0
alpha_2 =  -10.0  1.295  10.0
alpha_3 =  -10.0  2.16684  10.0

[A_section]
A1 = -8 -5.79895 -2
A2 = -8 -3.87212 -2
A3 = -8 -3.22696 -2

