[2pt_like]
angle_range_wtheta_1_1 = 12.88 60.0
angle_range_wtheta_2_2 = 10.45 60.0
angle_range_wtheta_3_3 = 9.03 60.0
angle_range_galaxy_cmbkappa_xi_spt_1_1 = 14.756042154695518   100.0
angle_range_galaxy_cmbkappa_xi_spt_2_1 = 11.316006674108987   100.0
angle_range_galaxy_cmbkappa_xi_spt_3_1 = 9.669874418317052   100.0
angle_range_galaxy_cmbkappa_xi_planck_1_1 = 12.911536885358577   100.0
angle_range_galaxy_cmbkappa_xi_planck_2_1 = 9.901505839845363   100.0
angle_range_galaxy_cmbkappa_xi_planck_3_1 = 8.461140116027419   100.0