[cosmological_parameters]
omega_m      =  0.1     0.3     0.9
h0           =  0.55    0.69    0.91
omega_b      =  0.03    0.048   0.07
n_s          =  0.87    0.97    1.07
A_s          =  0.5e-09 2.19e-9 5.0e-09
omnuh2       =  0.0006  0.00083 0.00644
w            =  -1.0
massive_nu   =  3
massless_nu  =  0.046
omega_k      =  0.0
tau          =  0.0697186
;yhe          =  0.245341


[lens_photoz_errors]
bias_1 = -0.1  0.0  0.1
width_1 = 0.5 1.0 1.5
lowz_1 = 0. 0.0034 0.01
bias_2 = -0.1  0.0  0.1
width_2 = 0.5 1.0 1.5
lowz_2 = 0. 0.0084 0.015
bias_3 = -0.1  0.0  0.1
width_3 = 0.5 1.0 1.5
lowz_3 = 0. 0.035 0.15

[bias_lens]
b1 = 0.5  2.0   4.0
b2 = 0.5  2.0   4.0
b3 = 0.5  2.0   4.0

[mag_alpha_lens]
alpha_1 =  -10.0  2  10.0
alpha_2 =  -10.0  2  10.0
alpha_3 =  -10.0  2  10.0

[A_section]
A1 = -8 -4 -2
A2 = -8 -4 -2
A3 = -8 -4 -2
;A1 = -8.01
;A2 = -8.01
;A3 = -8.01
;A1 = 0.000001 0.00001 0.01
;A2 = 0.000001 0.00001 0.01
;A3 = 0.000001 0.00001 0.01
