[cosmological_parameters]
omega_m      =  0.1     0.318     0.9
h0           =  0.55    0.678    0.91
omega_b      =  0.03    0.04   0.07
n_s          =  0.87    0.871    1.07
A_s          =  0.5e-09 1.5985616758948943e-09 5.0e-09
w            =  -1.0
; sigma_8      =  0.5     0.744   1.0
sigma_8_input = 0.744
; Old parameter names from original cosmosis version
; omnuh2       =  0.0006  0.00083 0.00644
; massive_nu   =  3
; massless_nu  =  0.046

; New parametrization and names:
; mnu = 0.06  0.0773   0.6
mnu = -0.0006  0.00000 0.00644
num_massive_neutrinos = 3
nnu = 3.046

omega_k      =  0.0
tau          =  0.0697186

[shear_calibration_parameters]
m1 = -0.1  0.0  0.1
m2 = -0.1  0.0  0.1
m3 = -0.1  0.0  0.1
m4 = -0.1  0.0  0.1

[wl_photoz_errors]
bias_1 = -0.1   0.0   0.1
bias_2 = -0.1   0.0   0.1
bias_3 = -0.1   0.0   0.1
bias_4 = -0.1   0.0   0.1

[lens_photoz_errors]
bias_1 = -0.05  0.0  0.05
bias_2 = -0.05  0.0  0.05
bias_3 = -0.05  0.0  0.05
bias_4 = -0.05  0.0  0.05
bias_5 = -0.05  0.0  0.05
bias_6 = -0.05  0.0  0.05
width_1 = 1.0
width_2 = 1.0
width_3 = 1.0
width_4 = 1.0
width_5 = 1.0
width_6 = 1.0 

[bias_lens]
b1 = 0.8  1.448 3.0
b2 = 0.8  1.666 3.0
b3 = 0.8  1.860 3.0
b4 = 0.8  1.756 3.0
b5 = 0.8  1.924 3.0
b6 = 0.8  1.865 3.0

[mag_alpha_lens]
alpha_1 =  0.43
alpha_2 =  0.30
alpha_3 =  1.75
alpha_4 =  1.94
alpha_5 =  1.56
alpha_6 =  2.96

[intrinsic_alignment_parameters]
z_piv   =  0.62
A1      = -5.0   0.0  5.0
A2      = -5.0   0.0  5.0
alpha1  = -5.0   0.0  5.0
alpha2  = -5.0   0.0  5.0
bias_ta =  0.0   0.0  2.0
